0 0.76
60 0.76
120 0.76
180 0.76
240 0.76
300 0.76
360 0.76
420 0.76
480 0.76
540 0.76
600 0.76
660 0.76
720 0.76
780 0.76
840 0.76
900 0.76
960 0.76
1020 0.76
1080 0.76
1140 0.76
1200 0.76
1260 0.76
1320 0.76
1380 0.76
1440 0.76
1500 0.76
1560 0.76
1620 0.76
1680 0.76
1740 0.71
1800 0.48
1860 0.76
1920 0.76
1980 0.76
2040 0.76
2100 0.76
2160 0.76
2220 0.76
2280 0.76
2340 0.76
2400 0.76
2460 0.76
2520 0.76
2580 0.76
2640 0.76
2700 0.76
2760 0.76
2820 0.76
2880 0.76
2940 0.76
3000 0.76
3060 0.76
3120 0.76
3180 0.76
3240 0.76
3300 0.76
3360 0.76
3420 0.76
3480 0.76
3540 0.76
3600 0.76
3660 0.76
3720 0.76
3780 0.76
3840 0.76
3900 0.76
3960 0.76
4020 0.76
4080 0.76
4140 0.76
4200 0.76
4260 0.76
4320 0.76
4380 0.76
4440 0.76
4500 0.76
4560 0.76
4620 0.71
4680 0.48
4740 0.76
4800 0.76
4860 0.76
4920 0.76
4980 0.76
5040 0.76
5100 0.76
5160 0.76
5220 0.76
5280 0.76
5340 0.76
5400 0.76
5460 0.76
5520 0.76
5580 0.76
5640 0.76
5700 0.76
5760 0.76
5820 0.76
5880 0.76
5940 0.76
6000 0.76
6060 0.76
6120 0.76
6180 0.76
6240 0.76
6300 0.76
6360 0.76
6420 0.76
6480 0.76
6540 0.76
6600 0.76
6660 0.76
6720 0.76
6780 0.76
6840 0.76
6900 0.76
6960 0.76
7020 0.76
7080 0.76
7140 0.76
7200 0.76
7260 0.76
7320 0.76
7380 0.76
7440 0.76
7500 0.76
7560 0.76
7620 0.76
7680 0.76
7740 0.76
7800 0.76
7860 0.76
7920 0.76
7980 0.76
8040 0.76
8100 0.76
8160 0.76
8220 0.76
8280 0.76
8340 0.76
8400 0.76
8460 0.76
8520 0.76
8580 0.76
8640 0.76
8700 0.76
8760 0.76
8820 0.76
8880 0.76
8940 0.76
9000 0.76
9060 0.76
9120 0.76
9180 0.76
9240 0.76
9300 0.76
9360 0.76
9420 0.76
9480 0.76
9540 0.76
9600 0.76
9660 0.76
9720 0.76
9780 0.76
9840 0.76
9900 0.76
9960 0.76
10020 0.76
10080 0.76
10140 0.76
10200 0.76
10260 0.76
10320 0.76
10380 0.76
10440 0.76
10500 0.76
10560 0.76
10620 0.76
10680 0.76
10740 0.76
10800 0.76
10860 0.76
10920 0.76
10980 0.76
11040 0.76
11100 0.76
11160 0.76
11220 0.76
11280 0.76
11340 0.76
11400 0.76
11460 0.76
11520 0.76
11580 0.76
11640 0.76
11700 0.76
11760 0.76
11820 0.76
11880 0.76
11940 0.76
12000 0.76
12060 0.76
12120 0.76
12180 0.76
12240 0.76
12300 0.76
12360 0.76
12420 0.76
12480 0.76
12540 0.76
12600 0.76
12660 0.76
12720 0.76
12780 0.76
12840 0.76
12900 0.76
12960 0.76
13020 0.76
13080 0.76
13140 0.76
13200 0.76
13260 0.76
13320 0.76
13380 0.76
13440 0.76
13500 0.76
13560 0.76
13620 0.76
13680 0.76
13740 0.76
13800 0.76
13860 0.76
13920 0.76
13980 0.76
14040 0.76
14100 0.76
14160 0.76
14220 0.76
14280 0.76
14340 0.76
14400 0.76
14460 0.76
14520 0.76
14580 0.76
14640 0.76
14700 0.76
14760 0.76
14820 0.76
14880 0.76
14940 0.76
15000 0.76
15060 0.76
15120 0.76
15180 0.76
15240 0.76
15300 0.76
15360 0.76
15420 0.76
15480 0.76
15540 0.76
15600 0.76
15660 0.76
15720 0.76
15780 0.76
15840 0.76
15900 0.76
15960 0.76
16020 0.76
16080 0.76
16140 0.76
16200 0.76
16260 0.76
16320 0.76
16380 0.76
16440 0.76
16500 0.76
16560 0.76
16620 0.76
16680 0.76
16740 0.76
16800 0.76
16860 0.76
16920 0.76
16980 0.76
17040 0.76
17100 0.76
17160 0.76
17220 0.76
17280 0.76
17340 0.76
17400 0.76
17460 0.76
17520 0.76
17580 0.76
17640 0.76
17700 0.76
17760 0.76
17820 0.76
17880 0.76
17940 0.76
18000 0.76
18060 0.76
18120 0.76
18180 0.76
18240 0.76
18300 0.76
18360 0.76
18420 0.76
18480 0.76
18540 0.76
18600 0.76
18660 0.76
18720 0.76
18780 0.76
18840 0.76
18900 0.76
18960 0.76
19020 0.76
19080 0.76
19140 0.76
19200 0.76
19260 0.76
19320 0.76
19380 0.76
19440 0.76
19500 0.76
19560 0.76
19620 0.76
19680 0.76
19740 0.76
19800 0.76
19860 0.76
19920 0.76
19980 0.76
20040 0.76
20100 0.76
20160 0.76
20220 0.76
20280 0.76
20340 0.76
20400 0.76
20460 0.76
20520 0.76
20580 0.76
20640 0.76
20700 0.76
20760 0.76
20820 0.76
20880 0.76
20940 0.76
21000 0.76
21060 0.76
21120 0.76
21180 0.76
21240 0.76
21300 0.76
21360 0.76
21420 0.76
21480 0.76
21540 0.76
21600 0.76
21660 0.76
21720 0.76
21780 0.76
21840 0.76
21900 0.76
21960 0.76
22020 0.76
22080 0.76
22140 0.76
22200 0.76
22260 0.76
22320 0.76
22380 0.76
22440 0.76
22500 0.76
22560 0.76
22620 0.76
22680 0.76
22740 0.76
22800 0.76
22860 0.76
22920 0.76
22980 0.76
23040 0.76
23100 0.76
23160 0.76
23220 0.76
23280 0.76
23340 0.76
23400 0.76
23460 0.76
23520 0.76
23580 0.76
23640 0.76
23700 0.76
23760 0.76
23820 0.76
23880 0.76
23940 0.76
24000 0.76
24060 0.76
24120 0.76
24180 0.76
24240 0.76
24300 0.76
24360 0.76
24420 0.76
24480 0.76
24540 0.76
24600 0.76
24660 0.76
24720 0.76
24780 0.76
24840 0.76
24900 0.76
24960 0.76
25020 0.76
25080 0.76
25140 0.76
25200 0.76
25260 0.76
25320 0.76
25380 0.76
25440 0.76
25500 0.76
25560 0.76
25620 0.76
25680 0.76
25740 0.76
25800 0.76
25860 0.76
25920 0.76
25980 0.76
26040 0.76
26100 0.76
26160 0.76
26220 0.76
26280 0.76
26340 0.76
26400 0.76
26460 0.76
26520 0.76
26580 0.76
26640 0.76
26700 0.76
26760 0.76
26820 0.76
26880 1.12
26940 0.85
27000 1.52
27060 1.53
27120 1.53
27180 1.53
27240 1.61
27300 1.94
27360 2.29
27420 2.29
27480 2.40
27540 3.06
27600 3.06
27660 3.52
27720 3.82
27780 3.91
27840 4.59
27900 4.60
27960 5.05
28020 5.36
28080 5.83
28140 2.87
28200 0.75
28260 0.98
28320 1.22
28380 1.57
28440 2.00
28500 2.51
28560 3.03
28620 3.71
28680 4.40
28740 5.08
28800 5.97
28860 6.61
28920 7.60
28980 8.32
29040 9.24
29100 9.97
29160 10.76
29220 11.53
29280 12.15
29340 12.91
29400 13.41
29460 14.21
29520 14.53
29580 15.29
29640 15.55
29700 16.15
29760 16.48
29820 17.04
29880 17.35
29940 17.64
30000 18.17
30060 18.38
30120 19.00
30180 19.81
30240 21.34
30300 26.93
30360 41.03
30420 65.68
30480 87.87
30540 98.56
30600 102.43
30660 106.12
30720 109.36
30780 111.91
30840 114.79
30900 117.52
30960 120.15
31020 122.98
31080 125.50
31140 128.06
31200 130.61
31260 133.03
31320 135.27
31380 137.68
31440 140.02
31500 142.66
31560 145.72
31620 148.65
31680 151.42
31740 154.53
31800 157.41
31860 160.34
31920 163.27
31980 166.32
32040 169.31
32100 172.24
32160 175.46
32220 178.61
32280 181.10
32340 184.43
32400 187.39
32460 190.17
32520 193.14
32580 196.34
32640 199.27
32700 202.27
32760 205.19
32820 208.04
32880 211.24
32940 214.07
33000 217.06
33060 219.81
33120 223.06
33180 225.71
33240 228.64
33300 231.25
33360 234.39
33420 237.47
33480 240.49
33540 243.49
33600 246.30
33660 249.08
33720 251.61
33780 254.64
33840 257.12
33900 259.75
33960 262.52
34020 265.39
34080 267.72
34140 271.06
34200 273.59
34260 276.30
34320 278.69
34380 281.70
34440 284.75
34500 286.83
34560 289.89
34620 292.69
34680 295.32
34740 297.83
34800 300.45
34860 303.27
34920 306.00
34980 308.54
35040 311.44
35100 313.91
35160 316.68
35220 319.42
35280 322.22
35340 324.75
35400 327.44
35460 330.26
35520 332.77
35580 335.19
35640 337.84
35700 340.47
35760 342.82
35820 345.45
35880 347.81
35940 349.92
36000 352.46
36060 355.04
36120 357.49
36180 359.80
36240 362.54
36300 364.87
36360 367.28
36420 369.55
36480 372.02
36540 374.52
36600 377.28
36660 379.52
36720 381.61
36780 383.84
36840 386.65
36900 389.03
36960 391.46
37020 393.59
37080 396.11
37140 398.45
37200 400.67
37260 402.76
37320 405.25
37380 407.71
37440 409.93
37500 412.08
37560 414.01
37620 416.18
37680 418.55
37740 420.87
37800 422.29
37860 424.88
37920 427.15
37980 429.31
38040 431.32
38100 433.28
38160 435.08
38220 436.94
38280 438.75
38340 441.18
38400 443.34
38460 445.29
38520 447.12
38580 449.01
38640 451.46
38700 452.67
38760 454.14
38820 455.84
38880 457.22
38940 459.19
39000 460.57
39060 462.64
39120 464.45
39180 465.71
39240 467.42
39300 469.26
39360 471.26
39420 472.71
39480 474.34
39540 476.30
39600 477.92
39660 479.52
39720 481.58
39780 483.64
39840 484.75
39900 486.35
39960 487.69
40020 489.34
40080 491.04
40140 493.03
40200 494.68
40260 496.06
40320 497.72
40380 499.22
40440 500.85
40500 502.28
40560 503.45
40620 504.97
40680 506.31
40740 508.11
40800 509.08
40860 510.48
40920 512.18
40980 513.27
41040 513.86
41100 515.20
41160 516.33
41220 517.61
41280 518.78
41340 520.08
41400 521.56
41460 522.67
41520 523.89
41580 525.17
41640 526.29
41700 527.07
41760 529.00
41820 529.22
41880 530.15
41940 531.12
42000 532.25
42060 533.15
42120 534.19
42180 534.81
42240 535.87
42300 536.32
42360 537.60
42420 539.49
42480 540.44
42540 541.56
42600 542.44
42660 543.62
42720 544.43
42780 545.86
42840 546.82
42900 547.66
42960 548.13
43020 548.94
43080 550.33
43140 551.31
43200 551.59
43260 552.63
43320 552.80
43380 553.96
43440 554.82
43500 554.47
43560 555.73
43620 556.11
43680 557.10
43740 557.21
43800 558.02
43860 558.58
43920 559.33
43980 559.50
44040 559.78
44100 559.89
44160 559.95
44220 560.13
44280 560.67
44340 560.73
44400 561.09
44460 561.67
44520 562.48
44580 562.84
44640 563.09
44700 563.37
44760 563.77
44820 564.10
44880 564.41
44940 563.54
45000 564.12
45060 563.82
45120 563.43
45180 562.84
45240 563.19
45300 562.61
45360 563.58
45420 563.32
45480 562.75
45540 563.11
45600 563.46
45660 563.57
45720 563.01
45780 563.91
45840 563.91
45900 563.08
45960 563.79
46020 563.54
46080 563.05
46140 563.13
46200 562.30
46260 562.31
46320 561.37
46380 560.90
46440 560.78
46500 560.23
46560 560.42
46620 560.26
46680 559.70
46740 559.74
46800 559.28
46860 559.24
46920 558.40
46980 558.60
47040 557.97
47100 557.46
47160 556.85
47220 556.15
47280 554.87
47340 554.80
47400 555.02
47460 555.11
47520 555.11
47580 554.16
47640 554.02
47700 553.05
47760 552.01
47820 551.11
47880 550.29
47940 549.29
48000 547.74
48060 547.64
48120 547.16
48180 547.32
48240 546.26
48300 545.18
48360 544.20
48420 543.63
48480 542.52
48540 541.75
48600 540.97
48660 540.24
48720 539.43
48780 538.63
48840 537.10
48900 536.26
48960 535.92
49020 535.15
49080 534.46
49140 533.08
49200 531.85
49260 530.39
49320 529.73
49380 528.20
49440 527.04
49500 525.73
49560 524.27
49620 523.11
49680 522.13
49740 520.84
49800 520.07
49860 518.81
49920 517.30
49980 515.86
50040 514.19
50100 513.27
50160 512.08
50220 510.84
50280 509.32
50340 508.06
50400 507.06
50460 505.84
50520 504.84
50580 502.98
50640 502.24
50700 500.88
50760 499.23
50820 496.75
50880 496.07
50940 494.45
51000 493.23
51060 492.46
51120 490.25
51180 488.22
51240 487.15
51300 485.94
51360 483.47
51420 482.55
51480 481.43
51540 479.39
51600 477.43
51660 476.03
51720 474.73
51780 472.87
51840 471.26
51900 469.47
51960 467.75
52020 466.14
52080 464.30
52140 463.15
52200 461.08
52260 459.29
52320 457.57
52380 455.68
52440 453.62
52500 451.90
52560 449.89
52620 447.97
52680 446.35
52740 444.42
52800 442.05
52860 440.12
52920 437.64
52980 435.94
53040 432.64
53100 431.49
53160 428.74
53220 427.53
53280 424.87
53340 423.51
53400 420.73
53460 418.47
53520 416.54
53580 414.19
53640 411.76
53700 410.00
53760 407.76
53820 405.97
53880 403.72
53940 402.11
54000 399.61
54060 397.40
54120 395.44
54180 392.38
54240 390.67
54300 388.79
54360 386.93
54420 384.51
54480 381.20
54540 381.58
54600 378.62
54660 376.69
54720 370.44
54780 371.28
54840 368.45
54900 359.25
54960 365.61
55020 362.79
55080 360.95
55140 348.76
55200 351.95
55260 349.20
55320 348.68
55380 348.43
55440 346.26
55500 344.44
55560 342.66
55620 339.48
55680 329.05
55740 321.93
55800 320.95
55860 324.03
55920 327.65
55980 323.22
56040 320.60
56100 319.96
56160 316.03
56220 316.13
56280 312.92
56340 298.88
56400 277.16
56460 274.92
56520 268.72
56580 276.66
56640 292.66
56700 271.44
56760 281.22
56820 207.69
56880 219.77
56940 241.52
57000 274.98
57060 191.21
57120 172.17
57180 228.45
57240 250.64
57300 245.95
57360 279.57
57420 266.93
57480 229.17
57540 233.67
57600 199.61
57660 179.84
57720 167.56
57780 178.37
57840 198.70
57900 193.96
57960 156.82
58020 173.53
58080 181.51
58140 175.78
58200 189.60
58260 173.91
58320 215.10
58380 220.11
58440 220.76
58500 219.93
58560 215.71
58620 208.31
58680 210.31
58740 207.60
58800 196.72
58860 199.33
58920 198.29
58980 197.41
59040 195.19
59100 191.47
59160 187.33
59220 183.25
59280 179.30
59340 171.72
59400 172.50
59460 155.64
59520 158.85
59580 164.08
59640 111.50
59700 131.15
59760 156.52
59820 138.40
59880 105.64
59940 143.02
60000 141.57
60060 121.84
60120 110.50
60180 117.86
60240 118.61
60300 120.05
60360 119.24
60420 120.17
60480 81.14
60540 78.35
60600 113.17
60660 112.33
60720 108.84
60780 105.67
60840 81.10
60900 84.76
60960 95.57
61020 92.72
61080 88.18
61140 68.99
61200 66.59
61260 77.66
61320 75.22
61380 71.55
61440 68.05
61500 64.39
61560 54.78
61620 49.89
61680 53.73
61740 51.08
61800 47.57
61860 44.38
61920 41.09
61980 38.05
62040 34.92
62100 31.93
62160 29.46
62220 26.68
62280 23.95
62340 20.07
62400 15.07
62460 11.09
62520 9.29
62580 8.13
62640 7.01
62700 6.02
62760 5.03
62820 4.14
62880 3.33
62940 2.65
63000 2.13
63060 1.68
63120 1.29
63180 1.00
63240 1.16
63300 6.11
63360 5.63
63420 5.34
63480 4.87
63540 4.13
63600 3.76
63660 3.07
63720 3.06
63780 2.94
63840 2.30
63900 2.29
63960 1.85
64020 1.53
64080 1.53
64140 1.51
64200 1.06
64260 0.76
64320 0.76
64380 0.76
64440 0.42
64500 0.70
64560 0.44
64620 0.33
64680 0.08
64740 0.31
64800 0.02
64860 0.01
64920 0.00
64980 0.00
65040 0.00
65100 0.00
65160 0.00
65220 0.00
65280 0.00
65340 0.01
65400 0.00
65460 0.00
65520 0.00
65580 0.00
65640 0.00
65700 0.00
65760 0.00
65820 0.00
65880 0.34
65940 0.01
66000 0.01
66060 0.01
66120 0.00
66180 0.00
66240 0.01
66300 0.00
66360 0.01
66420 0.00
66480 0.03
66540 0.00
66600 0.01
66660 0.01
66720 0.35
66780 0.00
66840 0.02
66900 0.01
66960 0.01
67020 0.03
67080 0.35
67140 0.02
67200 0.08
67260 0.32
67320 0.35
67380 0.01
67440 0.03
67500 0.36
67560 0.01
67620 0.01
67680 0.08
67740 0.36
67800 0.71
67860 0.66
67920 0.08
67980 0.36
68040 0.38
68100 0.31
68160 0.02
68220 0.09
68280 0.33
68340 0.03
68400 0.11
68460 0.32
68520 0.45
68580 0.64
68640 0.04
68700 0.08
68760 0.32
68820 0.45
68880 0.68
68940 0.37
69000 0.03
69060 0.10
69120 0.39
69180 0.75
69240 0.38
69300 0.73
69360 0.68
69420 0.45
69480 0.69
69540 0.45
69600 0.35
69660 0.11
69720 0.40
69780 0.75
69840 0.72
69900 0.75
69960 0.75
70020 0.32
70080 0.11
70140 0.75
70200 0.76
70260 0.75
70320 0.75
70380 0.75
70440 0.70
70500 0.41
70560 0.47
70620 0.75
70680 0.75
70740 0.69
70800 0.41
70860 0.47
70920 0.75
70980 0.73
71040 0.75
71100 0.75
71160 0.40
71220 0.75
71280 0.75
71340 0.76
71400 0.40
71460 0.74
71520 0.42
71580 0.76
71640 0.76
71700 0.41
71760 0.76
71820 0.76
71880 0.75
71940 0.76
72000 0.76
72060 0.76
72120 0.76
72180 0.75
72240 0.75
72300 0.76
72360 0.76
72420 0.75
72480 0.75
72540 0.76
72600 0.76
72660 0.75
72720 0.76
72780 0.76
72840 0.76
72900 0.76
72960 0.76
73020 0.76
73080 0.76
73140 0.76
73200 0.76
73260 0.76
73320 0.41
73380 0.76
73440 0.71
73500 0.47
73560 0.41
73620 0.76
73680 0.76
73740 0.76
73800 0.76
73860 0.76
73920 0.76
73980 0.76
74040 0.75
74100 0.76
74160 0.76
74220 0.76
74280 0.76
74340 0.76
74400 0.75
74460 0.76
74520 0.76
74580 0.76
74640 0.76
74700 0.76
74760 0.76
74820 0.76
74880 0.76
74940 0.76
75000 0.76
75060 0.76
75120 0.76
75180 0.76
75240 0.76
75300 0.76
75360 0.76
75420 0.42
75480 0.76
75540 0.76
75600 0.76
75660 0.76
75720 0.76
75780 0.76
75840 0.76
75900 0.76
75960 0.76
76020 0.76
76080 0.76
76140 0.76
76200 0.76
76260 0.76
76320 0.76
76380 0.76
76440 0.76
76500 0.76
76560 0.76
76620 0.76
76680 0.76
76740 0.76
76800 0.76
76860 0.76
76920 0.76
76980 0.76
77040 0.76
77100 0.76
77160 0.76
77220 0.76
77280 0.76
77340 0.76
77400 0.76
77460 0.76
77520 0.76
77580 0.76
77640 0.76
77700 0.76
77760 0.76
77820 0.76
77880 0.76
77940 0.76
78000 0.76
78060 0.76
78120 0.76
78180 0.76
78240 0.76
78300 0.76
78360 0.76
78420 0.76
78480 0.76
78540 0.71
78600 0.46
78660 0.76
78720 0.76
78780 0.76
78840 0.76
78900 0.75
78960 0.76
79020 0.76
79080 0.42
79140 0.76
79200 0.76
79260 0.75
79320 0.76
79380 0.76
79440 0.76
79500 0.76
79560 0.42
79620 0.76
79680 0.76
79740 0.76
79800 0.76
79860 0.76
79920 0.76
79980 0.76
80040 0.76
80100 0.76
80160 0.76
80220 0.76
80280 0.76
80340 0.75
80400 0.76
80460 0.76
80520 0.41
80580 0.76
80640 0.76
80700 0.76
80760 0.42
80820 0.76
80880 0.76
80940 0.76
81000 0.76
81060 0.76
81120 0.76
81180 0.76
81240 0.76
81300 0.76
81360 0.75
81420 0.76
81480 0.76
81540 0.41
81600 0.76
81660 0.75
81720 0.75
81780 0.76
81840 0.76
81900 0.76
81960 0.76
82020 0.76
82080 0.76
82140 0.76
82200 0.70
82260 0.48
82320 0.76
82380 0.76
82440 0.76
82500 0.76
82560 0.76
82620 0.76
82680 0.76
82740 0.76
82800 0.75
82860 0.75
82920 0.76
82980 0.75
83040 0.41
83100 0.76
83160 0.76
83220 0.76
83280 0.75
83340 0.76
83400 0.76
83460 0.76
83520 0.69
83580 0.48
83640 0.76
83700 0.76
83760 0.76
83820 0.76
83880 0.76
83940 0.76
84000 0.76
84060 0.76
84120 0.76
84180 0.76
84240 0.42
84300 0.76
84360 0.76
84420 0.75
84480 0.75
84540 0.76
84600 0.76
84660 0.70
84720 0.48
84780 0.76
84840 0.76
84900 0.76
84960 0.76
85020 0.76
85080 0.76
85140 0.76
85200 0.76
85260 0.75
85320 0.76
85380 0.76
85440 0.75
85500 0.76
85560 0.76
85620 0.76
85680 0.76
85740 0.76
85800 0.76
85860 0.75
85920 0.76
85980 0.76
86040 0.75
86100 0.42
86160 0.76
86220 0.76
86280 0.76
86340 0.76
86400 0.76
