0 0.01
60 0.01
120 0
180 0.01
240 0
300 0.01
360 0.06
420 0.69
480 0.29
540 0.01
600 0.01
660 0.01
720 0.03
780 0.01
840 0.01
900 0.06
960 0.3
1020 0.01
1080 0.01
1140 0.01
1200 0
1260 0.01
1320 0
1380 0
1440 0.01
1500 0.01
1560 0.41
1620 0.29
1680 0.02
1740 0
1800 0.01
1860 0.01
1920 0.01
1980 0.06
2040 0.3
2100 0.01
2160 0
2220 0.01
2280 0.06
2340 0.64
2400 0
2460 0.01
2520 0
2580 0.01
2640 0.01
2700 0.06
2760 0.29
2820 0.01
2880 0
2940 0.01
3000 0
3060 0.01
3120 0.01
3180 0.01
3240 0
3300 0.01
3360 0
3420 0.01
3480 0
3540 0.07
3600 0.3
3660 0
3720 0.01
3780 0.01
3840 0.01
3900 0
3960 0.01
4020 0
4080 0.01
4140 0.34
4200 0.01
4260 0.01
4320 0.01
4380 0
4440 0
4500 0.36
4560 0.01
4620 0
4680 0
4740 0
4800 0.02
4860 0.06
4920 0.29
4980 0.02
5040 0.02
5100 0.06
5160 0.29
5220 0.06
5280 0.35
5340 0.3
5400 0.06
5460 0.3
5520 0.01
5580 0.01
5640 0
5700 0.01
5760 0.02
5820 0.02
5880 0.02
5940 0.36
6000 0.01
6060 0.36
6120 0
6180 0.01
6240 0
6300 0
6360 0.01
6420 0.01
6480 0.07
6540 0.31
6600 0.36
6660 0.06
6720 0.36
6780 0.63
6840 0.01
6900 0.34
6960 0
7020 0.03
7080 0
7140 0.01
7200 0.01
7260 0.03
7320 0.01
7380 0.01
7440 0
7500 0.01
7560 0
7620 0.01
7680 0
7740 0
7800 0.01
7860 0
7920 0
7980 0.01
8040 0
8100 0.4
8160 0.3
8220 0
8280 0
8340 0.01
8400 0
8460 0.34
8520 0.06
8580 0.3
8640 0
8700 0
8760 0
8820 0.01
8880 0.34
8940 0.01
9000 0.06
9060 0.29
9120 0.01
9180 0.06
9240 0.29
9300 0.01
9360 0.01
9420 0.01
9480 0
9540 0.01
9600 0.01
9660 0.02
9720 0.01
9780 0.01
9840 0.01
9900 0.01
9960 0.35
10020 0
10080 0.01
10140 0.01
10200 0.01
10260 0
10320 0.02
10380 0.01
10440 0.35
10500 0.34
10560 0.02
10620 0
10680 0
10740 0.01
10800 0.01
10860 0.01
10920 0.01
10980 0.01
11040 0
11100 0.02
11160 0.01
11220 0.01
11280 0.01
11340 0.35
11400 0.01
11460 0
11520 0.06
11580 0.29
11640 0.01
11700 0
11760 0.01
11820 0.01
11880 0.01
11940 0
12000 0.01
12060 0.01
12120 0.01
12180 0.01
12240 0.01
12300 0.07
12360 0.29
12420 0.03
12480 0.01
12540 0.02
12600 0.01
12660 0.02
12720 0.01
12780 0.36
12840 0.01
12900 0
12960 0
13020 0.36
13080 0.03
13140 0.01
13200 0.36
13260 0.06
13320 0.31
13380 0.01
13440 0.35
13500 0.02
13560 0.01
13620 0.01
13680 0.01
13740 0.01
13800 0.01
13860 0.03
13920 0.01
13980 0
14040 0.07
14100 0.64
14160 0.01
14220 0.01
14280 0.35
14340 0
14400 0.01
14460 0.01
14520 0
14580 0.01
14640 0.01
14700 0.01
14760 0.02
14820 0.01
14880 0.35
14940 0.01
15000 0
15060 0.01
15120 0.07
15180 0.29
15240 0.01
15300 0.07
15360 0.3
15420 0.01
15480 0.01
15540 0
15600 0
15660 0.01
15720 0
15780 0.01
15840 0
15900 0
15960 0
16020 0.02
16080 0
16140 0.41
16200 0.3
16260 0
16320 0
16380 0.36
16440 0
16500 0.36
16560 0.07
16620 0.29
16680 0.06
16740 0.3
16800 0.01
16860 0.01
16920 0.06
16980 0.31
17040 0.36
17100 0.06
17160 0.3
17220 0.01
17280 0.01
17340 0.01
17400 0.06
17460 0.31
17520 0.01
17580 0.03
17640 0.02
17700 0
17760 0.08
17820 0.3
17880 0.06
17940 0.35
18000 0.37
18060 0.66
18120 0.01
18180 0.01
18240 0
18300 0.36
18360 0.02
18420 0.01
18480 0.08
18540 0.31
18600 0.01
18660 0
18720 0.07
18780 0.31
18840 0.08
18900 0.3
18960 0.06
19020 0.63
19080 0.01
19140 0.01
19200 0.06
19260 0.29
19320 0.01
19380 0.02
19440 0.01
19500 0.35
19560 0.03
19620 0.41
19680 0.31
19740 0.38
19800 0.46
19860 0.76
19920 0.76
19980 0.76
20040 0.76
20100 0.76
20160 0.76
20220 0.76
20280 0.78
20340 0.77
20400 0.83
20460 1.45
20520 0.79
20580 0.77
20640 1.2
20700 1.05
20760 0.21
20820 0.26
20880 0.32
20940 0.38
21000 0.47
21060 0.77
21120 0.89
21180 0.75
21240 1.14
21300 1.3
21360 1.67
21420 2.53
21480 3.7
21540 4.04
21600 4.23
21660 4.39
21720 4.84
21780 4.63
21840 4.67
21900 4.05
21960 3.35
22020 3.03
22080 3.52
22140 3.54
22200 2.96
22260 2.85
22320 2.26
22380 2.15
22440 2.15
22500 2.15
22560 2.33
22620 2.45
22680 2.39
22740 2.86
22800 3.58
22860 4.05
22920 4.88
22980 4.76
23040 4.28
23100 3.94
23160 4.03
23220 4.64
23280 4.9
23340 5.51
23400 5.49
23460 6.26
23520 8.57
23580 9.45
23640 9.04
23700 9.48
23760 10.94
23820 11.42
23880 10.48
23940 9.6
24000 9.05
24060 9.02
24120 12.92
24180 20
24240 28.47
24300 34.05
24360 40.38
24420 45.12
24480 44.5
24540 46.71
24600 52.97
24660 45.9
24720 42.47
24780 50.24
24840 48.07
24900 37.11
24960 35.68
25020 35.99
25080 35.01
25140 32.4
25200 39.53
25260 54.06
25320 72.15
25380 70.39
25440 76.5
25500 63
25560 48.92
25620 45.98
25680 49.64
25740 47.13
25800 40.42
25860 34.99
25920 37.14
25980 43.12
26040 53.69
26100 57.46
26160 60.47
26220 69.16
26280 73.5
26340 72.79
26400 67.25
26460 68.75
26520 71.11
26580 69.99
26640 75.01
26700 79.92
26760 70.57
26820 57.52
26880 54.55
26940 51.06
27000 47.4
27060 49.59
27120 55.65
27180 58.94
27240 64.65
27300 72.33
27360 72.6
27420 70.97
27480 66.33
27540 55.62
27600 50.64
27660 52.94
27720 57.08
27780 61.98
27840 65.71
27900 61.72
27960 53.11
28020 39.37
28080 28.91
28140 21.58
28200 17.71
28260 19.67
28320 22.61
28380 22.66
28440 21.9
28500 23.74
28560 23.62
28620 23.85
28680 22.46
28740 18.95
28800 19.11
28860 23.95
28920 26.93
28980 30.78
29040 41.36
29100 47.9
29160 51.69
29220 67.76
29280 76.19
29340 65.5
29400 72.83
29460 101
29520 114.22
29580 118.5
29640 120.26
29700 126.31
29760 138.54
29820 149.17
29880 156.75
29940 164.62
30000 172.54
30060 182.18
30120 196.22
30180 202.3
30240 193.28
30300 173.3
30360 166.87
30420 160.83
30480 148.18
30540 143.81
30600 141.68
30660 136.11
30720 145.8
30780 164.33
30840 173.96
30900 179.7
30960 178.7
31020 181.75
31080 178.82
31140 159.86
31200 148.54
31260 133.81
31320 111.37
31380 85.28
31440 66.89
31500 60.61
31560 63.17
31620 70.53
31680 71.26
31740 70.18
31800 67.2
31860 65.03
31920 60.75
31980 55.95
32040 54.29
32100 53.38
32160 52.35
32220 51.03
32280 51.08
32340 52.56
32400 51.88
32460 49.88
32520 47.82
32580 46.67
32640 46.39
32700 45.19
32760 46.95
32820 49.46
32880 47.07
32940 46.21
33000 45.19
33060 43.64
33120 42.79
33180 41.99
33240 41.07
33300 42.21
33360 45.35
33420 48.88
33480 53.5
33540 58.96
33600 65
33660 67.57
33720 63.41
33780 60.16
33840 62.03
33900 63.63
33960 69.55
34020 84.88
34080 107.83
34140 142.22
34200 198.55
34260 304.12
34320 446.88
34380 426.98
34440 264.36
34500 181.77
34560 164.87
34620 150.92
34680 140.05
34740 126.11
34800 115.42
34860 112.06
34920 110.98
34980 109.67
35040 107.05
35100 100.5
35160 93.27
35220 89.75
35280 79.72
35340 66.17
35400 66.17
35460 88.5
35520 139.17
35580 207.05
35640 224.73
35700 214.04
35760 193.73
35820 172.91
35880 172.41
35940 177.19
36000 174.91
36060 175.89
36120 183.41
36180 205.65
36240 228.23
36300 237.69
36360 232.64
36420 236.57
36480 235.04
36540 220.72
36600 204.4
36660 190.01
36720 175.57
36780 160.04
36840 150.94
36900 152.26
36960 161.61
37020 165.27
37080 163.12
37140 163.59
37200 172.04
37260 180.37
37320 181.58
37380 179.82
37440 178.3
37500 178.71
37560 180.21
37620 182.79
37680 185.76
37740 188.11
37800 187.5
37860 184.33
37920 184
37980 190.74
38040 197.2
38100 191.63
38160 168.89
38220 144.78
38280 137.49
38340 143.21
38400 169.13
38460 199.44
38520 213.55
38580 202.22
38640 177.58
38700 151.97
38760 134.74
38820 128.99
38880 138.71
38940 169.05
39000 235.24
39060 266.27
39120 229.08
39180 221.68
39240 285.37
39300 351.42
39360 370.06
39420 420.86
39480 494
39540 497.96
39600 517.21
39660 513.3
39720 539.05
39780 772.03
39840 567.6
39900 679.6
39960 826.97
40020 837.31
40080 529.85
40140 423.63
40200 509.62
40260 706.12
40320 605.35
40380 948.86
40440 1120.75
40500 768.16
40560 821.82
40620 851.31
40680 515.75
40740 419.81
40800 333.15
40860 277.23
40920 248.4
40980 217.25
41040 207.67
41100 207.36
41160 206.25
41220 197.4
41280 184.59
41340 191.9
41400 214.17
41460 229.78
41520 250.5
41580 262.15
41640 265.22
41700 265.36
41760 260.7
41820 249.88
41880 236.66
41940 223.21
42000 210.5
42060 200.37
42120 193.45
42180 188.99
42240 182.93
42300 173.82
42360 165.57
42420 162.55
42480 163.6
42540 166.26
42600 168.29
42660 170.15
42720 170.51
42780 168.06
42840 158.7
42900 148.01
42960 130.2
43020 125.61
43080 172
43140 213.31
43200 239.07
43260 271.52
43320 295.93
43380 302.64
43440 288.07
43500 262
43560 245.68
43620 258.24
43680 286.28
43740 303.1
43800 288.46
43860 248.67
43920 230.21
43980 240.36
44040 233.12
44100 200.49
44160 161.04
44220 124.11
44280 98.52
44340 84.45
44400 79.9
44460 82.5
44520 86.32
44580 97.87
44640 119.64
44700 132.63
44760 136.28
44820 132.03
44880 123.15
44940 110.11
45000 105.97
45060 115.61
45120 138.01
45180 168.59
45240 219.35
45300 278.67
45360 297.28
45420 355.28
45480 470.98
45540 452.65
45600 474.73
45660 485.32
45720 504.92
45780 549.6
45840 570.56
45900 522.05
45960 522.41
46020 492.77
46080 469.09
46140 420.57
46200 364.21
46260 333.08
46320 277.85
46380 205.43
46440 150.27
46500 126.92
46560 119.07
46620 122.07
46680 130.26
46740 136.32
46800 163.3
46860 223.31
46920 323.53
46980 410.07
47040 424.06
47100 416.67
47160 427.98
47220 450.9
47280 475.73
47340 487.96
47400 498.85
47460 507.25
47520 533.31
47580 636.42
47640 548.71
47700 537.43
47760 533.55
47820 552.05
47880 552.56
47940 566.13
48000 631.79
48060 733.28
48120 758.08
48180 656.24
48240 679.31
48300 977.86
48360 957.77
48420 938.55
48480 979.69
48540 816.19
48600 705.22
48660 608.73
48720 642.43
48780 745.79
48840 654.06
48900 625.39
48960 700.06
49020 787.16
49080 929.25
49140 1097.76
49200 895.39
49260 606.47
49320 569.86
49380 630.63
49440 426.74
49500 406.71
49560 398.98
49620 384.39
49680 379.7
49740 394.38
49800 378.04
49860 482.31
49920 466.24
49980 426.42
50040 378.22
50100 365.86
50160 371.94
50220 466.3
50280 832.54
50340 1182.65
50400 965.75
50460 527.36
50520 501.78
50580 612.61
50640 724.54
50700 755.83
50760 596.86
50820 644.92
50880 738.88
50940 757.9
51000 838.07
51060 572.72
51120 395.97
51180 818.03
51240 1079.26
51300 979.57
51360 296.03
51420 280.07
51480 489.74
51540 722.2
51600 723.9
51660 615.02
51720 440.5
51780 919.07
51840 1051.65
51900 496.37
51960 330.96
52020 417.49
52080 413.11
52140 370.29
52200 326.58
52260 291
52320 287.27
52380 302.06
52440 328.98
52500 516.76
52560 401.04
52620 586.78
52680 846.21
52740 748.21
52800 334.99
52860 304.78
52920 336.61
52980 371.21
53040 424
53100 499.21
53160 362.11
53220 318.72
53280 283.69
53340 234.38
53400 192.33
53460 171.43
53520 177.16
53580 189.78
53640 196.87
53700 212.04
53760 235.44
53820 254.68
53880 268.98
53940 242.42
54000 263.76
54060 302.86
54120 277.5
54180 303.19
54240 308.77
54300 274.68
54360 263.81
54420 233.07
54480 224.37
54540 188.24
54600 171.48
54660 171.01
54720 199.75
54780 190.2
54840 172.47
54900 145.3
54960 114.04
55020 90.62
55080 82.03
55140 81.4
55200 75.15
55260 65.2
55320 57.75
55380 58.26
55440 71.28
55500 79.87
55560 78.67
55620 70.14
55680 59.74
55740 54.62
55800 54.12
55860 51.5
55920 49.68
55980 49.05
56040 32.95
56100 18.84
56160 19.19
56220 26.89
56280 39.08
56340 53.68
56400 68.1
56460 79.5
56520 93.34
56580 108.38
56640 124.95
56700 146.36
56760 179.08
56820 230.61
56880 312.01
56940 413.95
57000 617.33
57060 746.56
57120 630.95
57180 607.49
57240 500.25
57300 465.86
57360 486.67
57420 509.78
57480 519.92
57540 717.13
57600 874.45
57660 798.55
57720 915.94
57780 908.67
57840 732.15
57900 693.5
57960 605.82
58020 457.42
58080 425
58140 494.94
58200 403.45
58260 617.3
58320 801.5
58380 665.55
58440 623.41
58500 756.19
58560 601.46
58620 478.81
58680 523.1
58740 653.67
58800 667.7
58860 611.49
58920 731.08
58980 653.74
59040 512.45
59100 529.95
59160 627.57
59220 566.38
59280 672.82
59340 656.61
59400 546.15
59460 648
59520 569.73
59580 590.24
59640 553.03
59700 551.3
59760 403.62
59820 344.84
59880 335.31
59940 336.74
60000 330.55
60060 311.62
60120 316.17
60180 304.55
60240 331.7
60300 293.15
60360 294.79
60420 351.12
60480 499.69
60540 522.07
60600 576.25
60660 464.2
60720 446.08
60780 327.04
60840 460.66
60900 371.54
60960 258.8
61020 372.16
61080 528.12
61140 496.32
61200 497.13
61260 476.96
61320 473.47
61380 448.72
61440 409.27
61500 379.97
61560 362.57
61620 357.74
61680 369.52
61740 324.95
61800 304.47
61860 246.8
61920 251.55
61980 178.77
62040 143.77
62100 216.92
62160 230.11
62220 179.73
62280 182.81
62340 223.52
62400 259.77
62460 230.93
62520 262.44
62580 260.19
62640 237.34
62700 211.67
62760 206.46
62820 201.85
62880 146.87
62940 139.62
63000 136.15
63060 135.43
63120 128.64
63180 126.95
63240 130.32
63300 135.17
63360 138.88
63420 142.36
63480 146.64
63540 152.71
63600 159.93
63660 169.86
63720 185.24
63780 192.52
63840 203.31
63900 213.87
63960 223.76
64020 234.62
64080 291.94
64140 343.08
64200 402.5
64260 401.04
64320 341.86
64380 349.74
64440 315.31
64500 235.32
64560 270.39
64620 218.31
64680 187.93
64740 228.42
64800 225.52
64860 225.67
64920 245.91
64980 210.69
65040 109.73
65100 128.78
65160 97.48
65220 89.07
65280 117.75
65340 95.9
65400 89.27
65460 97.23
65520 175.57
65580 151.28
65640 98.99
65700 100.63
65760 138.18
65820 172.02
65880 156.57
65940 138.5
66000 135.75
66060 141.65
66120 145.17
66180 146.2
66240 134.48
66300 127.44
66360 122.88
66420 110.4
66480 101.97
66540 100.22
66600 91.6
66660 88.15
66720 81.43
66780 74.87
66840 70.99
66900 69.61
66960 68.33
67020 67.05
67080 65.24
67140 63.48
67200 62.07
67260 60.37
67320 59.07
67380 58.28
67440 57.26
67500 55.96
67560 54.59
67620 52.83
67680 51.01
67740 49.99
67800 49.7
67860 49.81
67920 49.41
67980 48.44
68040 47.43
68100 46.41
68160 45.36
68220 44.39
68280 43.39
68340 41.95
68400 40.59
68460 39.53
68520 38.83
68580 37.97
68640 36.78
68700 35.83
68760 34.84
68820 33.92
68880 33.35
68940 32.84
69000 32.86
69060 33.12
69120 34.21
69180 35.88
69240 38.21
69300 39.99
69360 39.79
69420 38.2
69480 36.54
69540 34.44
69600 31.07
69660 26.46
69720 21.74
69780 17.51
69840 13.94
69900 11.49
69960 9.63
70020 8.06
70080 6.68
70140 5.59
70200 4.63
70260 3.89
70320 3.31
70380 2.75
70440 2.26
70500 1.81
70560 1.44
70620 1.02
70680 0.82
70740 0.48
70800 0.41
70860 0.3
70920 0.18
70980 0.12
71040 0.48
71100 0.76
71160 0.76
71220 0.76
71280 0.76
71340 0.76
71400 0.76
71460 0.76
71520 0.68
71580 0.11
71640 0.35
71700 0.71
71760 0.64
71820 0.37
71880 0.01
71940 0.01
72000 0.07
72060 0.31
72120 0.06
72180 0.29
72240 0.01
72300 0
72360 0.01
72420 0.01
72480 0.01
72540 0.01
72600 0.01
72660 0
72720 0
72780 0.01
72840 0.01
72900 0.35
72960 0.01
73020 0.35
73080 0.01
73140 0.01
73200 0.35
73260 0.01
73320 0.01
73380 0.01
73440 0.02
73500 0.01
73560 0.01
73620 0.01
73680 0.36
73740 0.01
73800 0.01
73860 0.01
73920 0
73980 0
74040 0.01
74100 0
74160 0
74220 0.01
74280 0.01
74340 0.01
74400 0.01
74460 0.01
74520 0
74580 0
74640 0.01
74700 0.06
74760 0.35
74820 0.29
74880 0.01
74940 0.35
75000 0.01
75060 0.01
75120 0.08
75180 0.29
75240 0.01
75300 0.01
75360 0
75420 0.06
75480 0.29
75540 0.01
75600 0.36
75660 0.06
75720 0.29
75780 0.01
75840 0
75900 0.36
75960 0.36
76020 0.01
76080 0.36
76140 0.36
76200 0.01
76260 0.41
76320 0.29
76380 0.01
76440 0.01
76500 0.02
76560 0.01
76620 0.07
76680 0.34
76740 0.3
76800 0.01
76860 0
76920 0
76980 0.01
77040 0.01
77100 0.01
77160 0.01
77220 0.01
77280 0
77340 0.02
77400 0.02
77460 0.07
77520 0.3
77580 0.01
77640 0.02
77700 0.01
77760 0.02
77820 0
77880 0.01
77940 0.06
78000 0.31
78060 0.44
78120 0.3
78180 0.01
78240 0.01
78300 0.01
78360 0
78420 0
78480 0.03
78540 0.35
78600 0.35
78660 0.08
78720 0.29
78780 0.01
78840 0.01
78900 0.35
78960 0.01
79020 0
79080 0.01
79140 0.02
79200 0.06
79260 0.36
79320 0.29
79380 0.01
79440 0.01
79500 0.02
79560 0.07
79620 0.29
79680 0.02
79740 0.01
79800 0.01
79860 0.02
79920 0.01
79980 0.01
80040 0.03
80100 0.01
80160 0.35
80220 0.07
80280 0.29
80340 0.01
80400 0.01
80460 0.02
80520 0.34
80580 0.01
80640 0.01
80700 0.02
80760 0
80820 0.01
80880 0.01
80940 0.36
81000 0.01
81060 0.41
81120 0.3
81180 0.01
81240 0.01
81300 0.36
81360 0.36
81420 0.01
81480 0.06
81540 0.3
81600 0.01
81660 0.01
81720 0.01
81780 0.01
81840 0.01
81900 0
81960 0.01
82020 0.01
82080 0.34
82140 0
82200 0.01
82260 0
82320 0.01
82380 0
82440 0.01
82500 0.41
82560 0.3
82620 0.01
82680 0.01
82740 0.02
82800 0.06
82860 0.35
82920 0.3
82980 0.36
83040 0.01
83100 0.01
83160 0.01
83220 0.02
83280 0.35
83340 0.36
83400 0
83460 0
83520 0.06
83580 0.31
83640 0.01
83700 0
83760 0
83820 0.36
83880 0.03
83940 0.01
84000 0.06
84060 0.3
84120 0.01
84180 0.01
84240 0.01
84300 0.02
84360 0.07
84420 0.31
84480 0.01
84540 0.01
84600 0.01
84660 0.02
84720 0
84780 0
84840 0
84900 0.06
84960 0.35
85020 0.29
85080 0
85140 0
85200 0.01
85260 0.01
85320 0.01
85380 0.34
85440 0
85500 0.01
85560 0.01
85620 0.01
85680 0.01
85740 0.01
85800 0.01
85860 0
85920 0
85980 0.06
86040 0.29
86100 0
86160 0.01
86220 0.01
86280 0.01
86340 0.06
86400 0.29

